"id","y_2011","y_2012","y_2013","y_2014","y_2015"
37081010100,0.62883008356546,0.673520249221184,0.696032279757902,0.672161172161172,0.757264957264957
37081010200,0.450894905920147,0.403313663186564,0.359246954595792,0.391752577319588,0.402275312855518
37081010300,0.264919941775837,0.345645234838121,0.318108326596605,0.406089363384737,0.386535552193646
37081010401,0.0538033395176252,0.0449936628643853,0.0389129092032119,0.00819672131147541,0.00714285714285714
37081010403,0.132352941176471,0.173665480427046,0.181530676786844,0.152242577384713,0.127965043695381
37081010404,0.0299289188178077,0.0970017636684303,0.0945548197203826,0.0584707646176912,0.0373333333333333
37081010500,0.0155986509274874,0.0166516651665167,0.0240313879352624,0.0547330641543293,0.0501296456352636
37081010601,0.121691176470588,0.116074697912852,0.159123055162659,0.140664048554088,0.126512270998963
37081010602,0.0970281940563881,0.142857142857143,0.0900548159749413,0.104192508062516,0.154449553692183
37081010701,0.0866402116402116,0.0747800586510264,0.0576794097920858,0.0368722186904005,0.0454029511918275
37081010702,0.298453996983409,0.301493147883003,0.312970711297071,0.292256637168142,0.293426208097519
37081010800,0.238231917336395,0.272393923520168,0.352657004830918,0.333333333333333,0.318802122820318
37081010900,0.423879272081669,0.41699604743083,0.480347115875447,0.485632183908046,0.476603955619875
37081011000,0.811598148652328,0.823732413060791,0.842652152399802,0.838877093654164,0.845921450151057
37081011101,0.877675840978593,0.885234590616375,0.881190368014539,0.887625113739763,0.874282982791587
37081011102,0.990344827586207,0.997490589711418,0.989954633830201,0.990813201769309,0.989408951144517
37081011200,0.833070866141732,0.828540305010893,0.816357036087978,0.816483516483516,0.807823856348867
37081011300,0.918299568249751,0.915276851234156,0.946643717728055,0.883587140439932,0.91580310880829
37081011400,0.954371715241281,0.9363304981774,0.94873532068654,0.937676438653637,0.907166806370495
37081011500,0.457633445315416,0.457558609539208,0.411033411033411,0.450501526384649,0.429910714285714
37081011601,0.461601981833196,0.361099541857559,0.50860865518846,0.446687143483984,0.386731391585761
37081011602,0.259355210132412,0.315138721351025,0.336094674556213,0.412995245641838,0.395433789954338
37081011904,0.676511563109501,0.658177999474928,0.656375206222013,0.641924249020462,0.63682358117026
37081011905,0.626704089815557,0.711927362773421,0.614602169981917,0.60848733744011,0.628076572470374
37081012503,0.0985667034178611,0.0438669438669439,0.126081314878893,0.11331569664903,0.119392992635572
37081012504,0.481566161760503,0.538397328881469,0.494597839135654,0.478761061946903,0.450868698376531
37081012505,0.0123069498069498,0.0119645848289064,0.0238313473877177,0.0298573975044563,0.0330209727800089
37081012508,0.0977816695855225,0.075160403299725,0.0408408408408408,0.0445319600121175,0.0696594427244582
37081012509,0.0124768946395564,0.0261143628995948,0.0582919114324446,0.0461538461538462,0.0647109577221743
37081012510,0.0374765771392879,0.0362229102167183,0.0326899128268991,0.0413197656490903,0.0554323725055432
37081012511,0.0348114380439287,0.0286225402504472,0.0309321154245381,0.0354072861236185,0.0293166194904974
37081012601,0.44389967942674,0.445052037396366,0.369518332135155,0.371358371358371,0.411419699844747
37081012604,0.555397148676171,0.617641344472508,0.610483586304271,0.551306323362363,0.583553376084496
37081012607,0.2796,0.336090552895081,0.382631126397248,0.390286975717439,0.402406417112299
37081012608,0.57661822985469,0.498487394957983,0.456980775291522,0.42984257357974,0.388408927285817
37081012609,0.433061889250814,0.445828733638227,0.430296856810244,0.460965553930044,0.481106777181863
37081012610,0.495346742719904,0.508805031446541,0.475706573515402,0.431722348361985,0.4392608300515
37081012611,0.453304374806081,0.505325814536341,0.489841986455982,0.479629109300365,0.578879086663207
37081012612,0.699582027168234,0.691765120789984,0.693296283431747,0.742961088263208,0.667419719218977
37081012617,0.574271704643784,0.553503371445324,0.622945921720944,0.621638721923442,0.570618094953718
37081012703,0.303684627575277,0.3551901336074,0.416818679314119,0.372275132275132,0.382039573820396
37081012704,0.56550362080316,0.448207171314741,0.436548223350254,0.492446252178966,0.473516642547033
37081012705,0.924594785059901,0.930405567554596,0.935793731041456,0.947830578512397,0.935149541012733
37081012706,0.883681726230614,0.847563083304528,0.832125984251968,0.872801507537688,0.894255874673629
37081012707,0.609703735508802,0.747568093385214,0.702207413577676,0.754371357202331,0.766037735849057
37081012803,0.67125748502994,0.683870040253019,0.623229866971821,0.604247362094297,0.616948707857799
37081012804,0.90041958041958,0.90241935483871,0.86313525141167,0.848018769551616,0.84904738641915
37081012805,0.838748495788207,0.840956777171632,0.736496913580247,0.750442477876106,0.756773987886516
37081013601,0.562146892655367,0.542692307692308,0.516387195121951,0.491078355314197,0.433320142461417
37081013602,0.337106633461626,0.374592833876221,0.41072250345145,0.397959183673469,0.503026967528894
37081013700,0.0565013570194917,0.0604546590057457,0.105817452357071,0.107973006748313,0.1308834633778
37081013800,0.732530689329556,0.704329210275928,0.761665830406422,0.72414605418139,0.698439785470502
37081013900,0.879157693228045,0.804181654676259,0.772025233848162,0.785714285714286,0.78045013239188
37081014000,0.191743119266055,0.229976736457295,0.253473294226613,0.265826494724502,0.226432252197636
37081014200,0.674468740375731,0.680176211453745,0.679523539421441,0.67338003502627,0.614265335235378
37081014300,0.426884334838486,0.493323709852039,0.53739837398374,0.576322801674914,0.396153846153846
37081014406,0.773592547590117,0.70367443698143,0.758268681094324,0.764731558271497,0.689200680272109
37081014407,0.166442178179719,0.188064100202616,0.194512838550827,0.178325784264385,0.16222607598928
37081014408,0.491539413949649,0.434285714285714,0.466863655550865,0.482225010455876,0.481906443071492
37081014409,0.162725575606721,0.124834437086093,0.181116181116181,0.155799588194921,0.144907723855092
37081014410,0.339034975746745,0.309337506520605,0.320390913893291,0.34374180005248,0.305526315789474
37081014411,0.707142857142857,0.600653995503781,0.574158869201672,0.614513846775824,0.565130660283264
37081014412,0.109839816933638,0.146374829001368,0.324600900532133,0.216989066442389,0.219582138467841
37081014501,0.221292775665399,0.298098859315589,0.1818856718634,0.182375478927203,0.161016949152542
37081014502,0.255231842429216,0.303713527851459,0.358593579384145,0.327750113173382,0.289328231292517
37081014503,0.595417545975279,0.529161603888214,0.52075360612305,0.510232688533782,0.523731138545953
37081015100,0.230698949291914,0.18299711815562,0.161736641221374,0.159863169897377,0.153178512784424
37081015200,0.246241575946086,0.278035104826914,0.263466602824994,0.252881433299098,0.236093943139679
37081015300,0.341982701264138,0.349770642201835,0.364623243933589,0.371564813652905,0.370917009436245
37081015401,0.314241184492499,0.344737895158063,0.338646967340591,0.362511715089035,0.366204986149584
37081015402,0.373801916932907,0.373338987842805,0.381636881636882,0.353603603603604,0.428486364177682
37081015500,0.588366557572151,0.567058490298824,0.579110012360939,0.650066108417805,0.594159900062461
37081015600,0.0441097364174287,0.0583137170982238,0.051734693877551,0.0987339187257505,0.0686471296668005
37081015703,0.167614713689799,0.137564261655735,0.197070108126962,0.221117810004888,0.26926196269262
37081015704,0.151657181118179,0.158209948427882,0.227527639801314,0.221150806196649,0.247095761381476
37081015705,0.211544273194319,0.208739495798319,0.18058690744921,0.225522193211488,0.235955056179775
37081015706,0.300324398156053,0.336042891732964,0.331914138726273,0.293152235427278,0.282466351400509
37081015707,0.261939429237041,0.20924149956408,0.20561555075594,0.161110295197533,0.171462125660599
37081015800,0.0946295037389531,0.0578341311942037,0.0506725871751339,0.0360025624599616,0.0384664051625965
37081015901,0.0598095238095238,0.0464311726147123,0.033486414083429,0.052275291462956,0.0684558537534034
37081015902,0.0989234797788769,0.0940608127308895,0.110751818916734,0.0732265446224256,0.0848111025443331
37081016003,0.0857359635811836,0.0845375722543353,0.0847416706904877,0.0717329545454545,0.0884338923981703
37081016005,0.0514322916666667,0.0790960451977401,0.0812342569269521,0.12484700122399,0.134712129681386
37081016006,0.199018126888218,0.16500754147813,0.218480138169257,0.272191011235955,0.280409731113956
37081016007,0.0904276186739898,0.0680981595092024,0.153649635036496,0.148621508124886,0.214132762312634
37081016008,0.0924475086179881,0.0966413181242079,0.047603935258648,0.0567692079060782,0.0815431164901664
37081016009,0.133849853059044,0.112907572082996,0.103430217334381,0.110992243915485,0.238459509364284
37081016010,0.123934659090909,0.11830201809325,0.121399927087131,0.105263157894737,0.0941267989109296
37081016011,0.348759641442568,0.369783123747038,0.41237842617153,0.360132340777502,0.377247521424971
37081016101,0.110576923076923,0.10844915874177,0.134879406307978,0.164792555253974,0.187904967602592
37081016102,0.365042311059235,0.387440426128399,0.479421579532814,0.465004022526146,0.457769482034531
37081016103,0.353356890459364,0.323739450335425,0.298589822194972,0.331353676018841,0.299374621747024
37081016201,0.00908080059303188,0.0100765068109722,0.0117044623262619,0.0223893963818735,0.0231694375663247
37081016203,0.109828141783029,0.118895423165431,0.0779990516832622,0.122599704579025,0.15606936416185
37081016204,0.148569570871261,0.173670387393303,0.178432642487047,0.100413091833492,0.0909651557200123
37081016205,0.0910236220472441,0.127033307513555,0.191268758526603,0.174565560821485,0.143621084797555
37081016303,0.145573212258797,0.181414774210389,0.135802469135802,0.153050108932462,0.114127262113252
37081016304,0.0768818644521832,0.112877155172414,0.0431848852901484,0.0809727418492785,0.0486016834102634
37081016305,0.108510638297872,0.0918790752815649,0.12697919900652,0.127549467275495,0.202933985330073
37081016306,0.302889918376351,0.303247480403135,0.281660313426514,0.264585883312933,0.34675615212528
37081016405,0.54840613931523,0.605839416058394,0.578268876611418,0.566236811254396,0.564356435643564
37081016406,0.281207598371778,0.297123519458545,0.285979572887651,0.297684338817794,0.325698324022346
37081016407,0.193698949824971,0.211650922177238,0.184702668627863,0.168072413083728,0.159025787965616
37081016408,0.098256735340729,0.135449735449735,0.0865126276195594,0.0992749581706637,0.0859416445623342
37081016409,0.140654381346371,0.134593135364443,0.129314110965487,0.159379968203498,0.179572271386431
37081016410,0.316965797494074,0.364631718646317,0.385113806280113,0.4192225684763,0.396833250865908
37081016502,0.154985192497532,0.164516669458871,0.162666666666667,0.165665665665666,0.170039108995069
37081016503,0.350871826246559,0.370305164319249,0.382383419689119,0.393893893893894,0.40981240981241
37081016505,0.269267139479905,0.33234484219445,0.290315653854413,0.310502283105023,0.312952818519173
37081016506,0.218667171525937,0.222868944799099,0.219362745098039,0.202383485848053,0.197316322041355
37081016600,0.0265957446808511,0.02903981264637,0.0303830911492734,0.0352578228294403,0.0392701309004363
37081016701,0.499358426005133,0.587602659366445,0.534883720930233,0.5400390625,0.533143939393939
37081016702,0.0199893390191898,0.0165882644218866,0.0212521539345204,0.000596125186289121,0.0103563813585136
37081016800,0.330813426065921,0.348179312345858,0.320320774701165,0.287738004569688,0.269870327993898
37081016900,0.0411273486430063,0.0426406926406926,0.0330882352941176,0.0416763139615652,0.0548048048048048
37081017000,0.00486111111111111,0.00704865848112779,0.0310235507246377,0.0331847449232293,0.038505354294828
37081017100,0.127803019199765,0.124741047647233,0.115127365874484,0.107456805092452,0.124004208627687
37081017200,0.18976279650437,0.189286745596304,0.210926088226702,0.258586169721238,0.251668117203365
37081980100,0,0,0,0,0
